290.000000 290.000000 290.000000 290.000000 290.000000 290.000000 290.000000 290.000000 290.000000 290.000000 290.000000 290.000000 290.000000 290.000000 290.000000 290.000000 290.000000 290.000000 290.000000 290.000000 290.000000 290.000000 290.000000 290.000000 290.000000 290.000000 290.000000 290.000000 290.000000 290.000000 290.000000 290.000000 290.000000 290.000000 290.000000 
290.000000 290.001862 290.003967 290.006561 290.009918 290.014282 290.019836 290.026764 290.035187 290.045044 290.056091 290.068024 290.080139 290.091797 290.102112 290.110229 290.115417 290.117218 290.115417 290.110229 290.102112 290.091797 290.080139 290.068024 290.056091 290.045044 290.035187 290.026764 290.019836 290.014282 290.009918 290.006561 290.003967 290.001862 290.000000 
290.000000 290.003967 290.008453 290.014038 290.021210 290.030548 290.042511 290.057495 290.075684 290.097015 290.121094 290.147034 290.173584 290.199097 290.221710 290.239563 290.251007 290.254944 290.251007 290.239563 290.221710 290.199097 290.173584 290.147034 290.121094 290.097015 290.075684 290.057495 290.042511 290.030548 290.021210 290.014038 290.008453 290.003967 290.000000 
290.000000 290.006561 290.014038 290.023285 290.035278 290.050903 290.070984 290.096252 290.127014 290.163269 290.204346 290.248779 290.294495 290.338593 290.377838 290.408905 290.428864 290.435760 290.428864 290.408905 290.377838 290.338593 290.294495 290.248779 290.204346 290.163269 290.127014 290.096252 290.070984 290.050903 290.035278 290.023285 290.014038 290.006561 290.000000 
290.000000 290.009918 290.021210 290.035278 290.053558 290.077454 290.108337 290.147339 290.195129 290.251740 290.316223 290.386444 290.459076 290.529572 290.592590 290.642670 290.674988 290.686157 290.674988 290.642670 290.592590 290.529572 290.459076 290.386444 290.316223 290.251740 290.195129 290.147339 290.108337 290.077454 290.053558 290.035278 290.021210 290.009918 290.000000 
290.000000 290.014282 290.030548 290.050903 290.077454 290.112366 290.157745 290.215363 290.286407 290.371124 290.468323 290.574982 290.686127 290.794769 290.892578 290.970764 291.021362 291.038910 291.021362 290.970764 290.892578 290.794769 290.686127 290.574982 290.468323 290.371124 290.286407 290.215363 290.157745 290.112366 290.077454 290.050903 290.030548 290.014282 290.000000 
290.000000 290.019836 290.042511 290.070984 290.108337 290.157745 290.222321 290.304901 290.407471 290.530762 290.673401 290.831390 290.997528 291.161469 291.310333 291.430176 291.508209 291.535309 291.508209 291.430176 291.310333 291.161469 290.997528 290.831390 290.673401 290.530762 290.407471 290.304901 290.222321 290.157745 290.108337 290.070984 290.042511 290.019836 290.000000 
290.000000 290.026764 290.057495 290.096252 290.147339 290.215363 290.304901 290.420197 290.564728 290.740021 290.944946 291.174347 291.418335 291.661865 291.885437 292.067200 292.186371 292.227966 292.186371 292.067200 291.885437 291.661865 291.418335 291.174347 290.944946 290.740021 290.564728 290.420197 290.304901 290.215363 290.147339 290.096252 290.057495 290.026764 290.000000 
290.000000 290.035187 290.075684 290.127014 290.195129 290.286407 290.407471 290.564728 290.763641 291.007538 291.295959 291.623077 291.975830 292.332977 292.665497 292.939240 293.120575 293.184174 293.120575 292.939240 292.665497 292.332977 291.975830 291.623077 291.295959 291.007538 290.763641 290.564728 290.407471 290.286407 290.195129 290.127014 290.075684 290.035187 290.000000 
290.000000 290.045044 290.097015 290.163269 290.251740 290.371124 290.530762 290.740021 291.007538 291.339447 291.737335 292.195465 292.697784 293.215546 293.706360 294.117401 294.393463 294.491180 294.393463 294.117401 293.706360 293.215546 292.697784 292.195465 291.737335 291.339447 291.007538 290.740021 290.530762 290.371124 290.251740 290.163269 290.097015 290.045044 290.000000 
290.000000 290.056091 290.121094 290.204346 290.316223 290.468323 290.673401 290.944946 291.295959 291.737335 292.274628 292.904297 293.608765 294.351044 295.071472 295.688904 296.112152 296.263794 296.112152 295.688904 295.071472 294.351044 293.608765 292.904297 292.274628 291.737335 291.295959 290.944946 290.673401 290.468323 290.316223 290.204346 290.121094 290.056091 290.000000 
290.000000 290.068024 290.147034 290.248779 290.386444 290.574982 290.831390 291.174347 291.623077 292.195465 292.904297 293.752167 294.723572 295.775726 296.828583 297.760315 298.418396 298.659393 298.418396 297.760315 296.828583 295.775726 294.723572 293.752167 292.904297 292.195465 291.623077 291.174347 290.831390 290.574982 290.386444 290.248779 290.147034 290.068024 290.000000 
290.000000 290.080139 290.173584 290.294495 290.459076 290.686127 290.997528 291.418335 291.975830 292.697784 293.608765 294.723572 296.037170 297.508728 299.040863 300.458618 301.506927 301.906372 301.506927 300.458618 299.040863 297.508728 296.037170 294.723572 293.608765 292.697784 291.975830 291.418335 290.997528 290.686127 290.459076 290.294495 290.173584 290.080139 290.000000 
290.000000 290.091797 290.199097 290.338593 290.529572 290.794769 291.161469 291.661865 292.332977 293.215546 294.351044 295.775726 297.508728 299.530426 301.745178 303.925629 305.657196 306.369568 305.657196 303.925629 301.745178 299.530426 297.508728 295.775726 294.351044 293.215546 292.332977 291.661865 291.161469 290.794769 290.529572 290.338593 290.199097 290.091797 290.000000 
290.000000 290.102112 290.221710 290.377838 290.592590 290.892578 291.310333 291.885437 292.665497 293.706360 295.071472 296.828583 299.040863 301.745178 304.901154 308.282745 311.282867 312.718933 311.282867 308.282745 304.901154 301.745178 299.040863 296.828583 295.071472 293.706360 292.665497 291.885437 291.310333 290.892578 290.592590 290.377838 290.221710 290.102112 290.000000 
290.000000 290.110229 290.239563 290.408905 290.642670 290.970764 291.430176 292.067200 292.939240 294.117401 295.688904 297.760315 300.458618 303.925629 308.282745 313.498230 318.965820 322.438995 318.965820 313.498230 308.282745 303.925629 300.458618 297.760315 295.688904 294.117401 292.939240 292.067200 291.430176 290.970764 290.642670 290.408905 290.239563 290.110229 290.000000 
290.000000 290.115417 290.251007 290.428864 290.674988 291.021362 291.508209 292.186371 293.120575 294.393463 296.112152 298.418396 301.506927 305.657196 311.282867 318.965820 329.164459 339.632568 329.164459 318.965820 311.282867 305.657196 301.506927 298.418396 296.112152 294.393463 293.120575 292.186371 291.508209 291.021362 290.674988 290.428864 290.251007 290.115417 290.000000 
290.000000 290.117218 290.254944 290.435760 290.686157 291.038910 291.535309 292.227966 293.184174 294.491180 296.263794 298.659393 301.906372 306.369568 312.718933 322.438995 339.632568 378.307312 339.632568 322.438995 312.718933 306.369568 301.906372 298.659393 296.263794 294.491180 293.184174 292.227966 291.535309 291.038910 290.686157 290.435760 290.254944 290.117218 290.000000 
290.000000 290.115417 290.251007 290.428864 290.674988 291.021362 291.508209 292.186371 293.120575 294.393463 296.112152 298.418396 301.506927 305.657196 311.282867 318.965820 329.164459 339.632568 329.164459 318.965820 311.282867 305.657196 301.506927 298.418396 296.112152 294.393463 293.120575 292.186371 291.508209 291.021362 290.674988 290.428864 290.251007 290.115417 290.000000 
290.000000 290.110229 290.239563 290.408905 290.642670 290.970764 291.430176 292.067200 292.939240 294.117401 295.688904 297.760315 300.458618 303.925629 308.282745 313.498230 318.965820 322.438995 318.965820 313.498230 308.282745 303.925629 300.458618 297.760315 295.688904 294.117401 292.939240 292.067200 291.430176 290.970764 290.642670 290.408905 290.239563 290.110229 290.000000 
290.000000 290.102112 290.221710 290.377838 290.592590 290.892578 291.310333 291.885437 292.665497 293.706360 295.071472 296.828583 299.040863 301.745178 304.901154 308.282745 311.282867 312.718933 311.282867 308.282745 304.901154 301.745178 299.040863 296.828583 295.071472 293.706360 292.665497 291.885437 291.310333 290.892578 290.592590 290.377838 290.221710 290.102112 290.000000 
290.000000 290.091797 290.199097 290.338593 290.529572 290.794769 291.161469 291.661865 292.332977 293.215546 294.351044 295.775726 297.508728 299.530426 301.745178 303.925629 305.657196 306.369568 305.657196 303.925629 301.745178 299.530426 297.508728 295.775726 294.351044 293.215546 292.332977 291.661865 291.161469 290.794769 290.529572 290.338593 290.199097 290.091797 290.000000 
290.000000 290.080139 290.173584 290.294495 290.459076 290.686127 290.997528 291.418335 291.975830 292.697784 293.608765 294.723572 296.037170 297.508728 299.040863 300.458618 301.506927 301.906372 301.506927 300.458618 299.040863 297.508728 296.037170 294.723572 293.608765 292.697784 291.975830 291.418335 290.997528 290.686127 290.459076 290.294495 290.173584 290.080139 290.000000 
290.000000 290.068024 290.147034 290.248779 290.386444 290.574982 290.831390 291.174347 291.623077 292.195465 292.904297 293.752167 294.723572 295.775726 296.828583 297.760315 298.418396 298.659393 298.418396 297.760315 296.828583 295.775726 294.723572 293.752167 292.904297 292.195465 291.623077 291.174347 290.831390 290.574982 290.386444 290.248779 290.147034 290.068024 290.000000 
290.000000 290.056091 290.121094 290.204346 290.316223 290.468323 290.673401 290.944946 291.295959 291.737335 292.274628 292.904297 293.608765 294.351044 295.071472 295.688904 296.112152 296.263794 296.112152 295.688904 295.071472 294.351044 293.608765 292.904297 292.274628 291.737335 291.295959 290.944946 290.673401 290.468323 290.316223 290.204346 290.121094 290.056091 290.000000 
290.000000 290.045044 290.097015 290.163269 290.251740 290.371124 290.530762 290.740021 291.007538 291.339447 291.737335 292.195465 292.697784 293.215546 293.706360 294.117401 294.393463 294.491180 294.393463 294.117401 293.706360 293.215546 292.697784 292.195465 291.737335 291.339447 291.007538 290.740021 290.530762 290.371124 290.251740 290.163269 290.097015 290.045044 290.000000 
290.000000 290.035187 290.075684 290.127014 290.195129 290.286407 290.407471 290.564728 290.763641 291.007538 291.295959 291.623077 291.975830 292.332977 292.665497 292.939240 293.120575 293.184174 293.120575 292.939240 292.665497 292.332977 291.975830 291.623077 291.295959 291.007538 290.763641 290.564728 290.407471 290.286407 290.195129 290.127014 290.075684 290.035187 290.000000 
290.000000 290.026764 290.057495 290.096252 290.147339 290.215363 290.304901 290.420197 290.564728 290.740021 290.944946 291.174347 291.418335 291.661865 291.885437 292.067200 292.186371 292.227966 292.186371 292.067200 291.885437 291.661865 291.418335 291.174347 290.944946 290.740021 290.564728 290.420197 290.304901 290.215363 290.147339 290.096252 290.057495 290.026764 290.000000 
290.000000 290.019836 290.042511 290.070984 290.108337 290.157745 290.222321 290.304901 290.407471 290.530762 290.673401 290.831390 290.997528 291.161469 291.310333 291.430176 291.508209 291.535309 291.508209 291.430176 291.310333 291.161469 290.997528 290.831390 290.673401 290.530762 290.407471 290.304901 290.222321 290.157745 290.108337 290.070984 290.042511 290.019836 290.000000 
290.000000 290.014282 290.030548 290.050903 290.077454 290.112366 290.157745 290.215363 290.286407 290.371124 290.468323 290.574982 290.686127 290.794769 290.892578 290.970764 291.021362 291.038910 291.021362 290.970764 290.892578 290.794769 290.686127 290.574982 290.468323 290.371124 290.286407 290.215363 290.157745 290.112366 290.077454 290.050903 290.030548 290.014282 290.000000 
290.000000 290.009918 290.021210 290.035278 290.053558 290.077454 290.108337 290.147339 290.195129 290.251740 290.316223 290.386444 290.459076 290.529572 290.592590 290.642670 290.674988 290.686157 290.674988 290.642670 290.592590 290.529572 290.459076 290.386444 290.316223 290.251740 290.195129 290.147339 290.108337 290.077454 290.053558 290.035278 290.021210 290.009918 290.000000 
290.000000 290.006561 290.014038 290.023285 290.035278 290.050903 290.070984 290.096252 290.127014 290.163269 290.204346 290.248779 290.294495 290.338593 290.377838 290.408905 290.428864 290.435760 290.428864 290.408905 290.377838 290.338593 290.294495 290.248779 290.204346 290.163269 290.127014 290.096252 290.070984 290.050903 290.035278 290.023285 290.014038 290.006561 290.000000 
290.000000 290.003967 290.008453 290.014038 290.021210 290.030548 290.042511 290.057495 290.075684 290.097015 290.121094 290.147034 290.173584 290.199097 290.221710 290.239563 290.251007 290.254944 290.251007 290.239563 290.221710 290.199097 290.173584 290.147034 290.121094 290.097015 290.075684 290.057495 290.042511 290.030548 290.021210 290.014038 290.008453 290.003967 290.000000 
290.000000 290.001862 290.003967 290.006561 290.009918 290.014282 290.019836 290.026764 290.035187 290.045044 290.056091 290.068024 290.080139 290.091797 290.102112 290.110229 290.115417 290.117218 290.115417 290.110229 290.102112 290.091797 290.080139 290.068024 290.056091 290.045044 290.035187 290.026764 290.019836 290.014282 290.009918 290.006561 290.003967 290.001862 290.000000 
290.000000 290.000000 290.000000 290.000000 290.000000 290.000000 290.000000 290.000000 290.000000 290.000000 290.000000 290.000000 290.000000 290.000000 290.000000 290.000000 290.000000 290.000000 290.000000 290.000000 290.000000 290.000000 290.000000 290.000000 290.000000 290.000000 290.000000 290.000000 290.000000 290.000000 290.000000 290.000000 290.000000 290.000000 290.000000 
